MIN=0	-0,2	0	-2	-20
MAX=25	0,2	1	2	20
SCALE=25	0,5	0,5	1	10
DEC=2	3	0	2	2
DEF="Tiempo" t / s	"Recorrido" s_A1 / m	"Fuente" S_1	"Velocidad" v / m/s	"Aceleración" a / m/s^2
0	-0,11	0		
0,0259959999999921	-0,11	0	0,00707770060824127	
0,0749810000000082	-0,109	0	0,0776875807204572	1,51529165405206
0,125965000000008	-0,102	0	0,158861096980775	1,50645252066344
0,175962999999996	-0,093	0	0,229979505200308	1,21164674202748
0,22596999999999	-0,079	0	0,280028035065985	0,500155175068204
0,275952999999987	-0,065	0	0,280014047803085	-0,000167980383726219
0,325964999999997	-0,051	0	0,280011244357278	-0,317962865304719
0,375948999999991	-0,037	0	0,24823683092185	-0,997278713170068
0,426934999999986	-0,026	0	0,178584129273655	-1,36508573167736
0,475929000000008	-0,019	0	0,111751541859621	-1,58748315285325
0,525939999999991	-0,015	0	0,0209562772886522	-1,79906443413445
0,576929000000007	-0,017	0	-0,0699214920691746	-1,61307790307619
0,626919999999984	-0,022	0	-0,142266794029131	-1,32885722370613
0,675918999999993	-0,031	0	-0,2016974654081	-1,15754338699829
0,725900999999993	-0,042	0	-0,256731681993859	-0,776505759990595
0,776898999999986	-0,057	0	-0,279442777429433	-0,0441208106966075
0,825894000000005	-0,07	0	-0,262719147152887	0,396958650238241
0,875883999999985	-0,083	0	-0,240038007201556	0,827128182003156
0,925878999999981	-0,094	0	-0,180015001542162	1,30522131373993
0,975876999999997	-0,101	0	-0,109524384511046	1,40599930145991
1,02687599999999	-0,105	0	-0,0380211142459314	1,49604536687803
1,07485800000001	-0,105	0	0,038005304217969	1,68810312444833
1,12587099999999	-0,101	0	0,129740671479177	1,60038714606891
1,17586	-0,092	0	0,200048812067033	1,00289104057127
1,22584699999999	-0,081	0	0,230007320443834	0,570609975962635
1,27585500000001	-0,069	0	0,257105750287391	0,296718776668065
1,326841	-0,055	0	0,259489908371953	-0,360117181092918
1,375823	-0,043	0	0,222704275224141	-0,802126158487761
1,42583500000001	-0,033	0	0,179977810635394	-1,02684598219445
1,475832	-0,025	0	0,120015610266548	-1,29886986137914
1,52580799999998	-0,021	0	0,0501300743692415	-1,39261551780094
1,57681299999999	-0,02	0	-0,0206001078638232	-1,61166915846981
1,62680599999999	-0,023	0	-0,112194527789032	-1,62093190375724
1,67578799999998	-0,031	0	-0,18145459740483	-1,12260762933764
1,725797	-0,041	0	-0,222717805416708	-0,58890989028376
1,774776	-0,053	0	-0,240231182555861	-0,158018051407595
1,825783	-0,065	0	-0,237691262863258	0,101790034548475
1,87576799999999	-0,077	0	-0,230056415484592	0,576886030740298
1,925759	-0,088	0	-0,180011415029357	1,00056018228831
1,97577099999998	-0,095	0	-0,129997417420707	1,19997800515591
2,025757	-0,101	0	-0,0600264085465022	1,60017108062094
2,07575900000001	-0,101	0	0,0300069011011623	1,60068230161426
2,12575200000001	-0,098	0	0,100037416293202	1,30063626262903
2,17573199999998	-0,091	0	0,160038014270334	1,02480415407914
2,22572499999998	-0,082	0	0,2024855935068	0,701847668038046
2,27472299999999	-0,071	0	0,229804674629384	0,262871995975048
2,325716	-0,059	0	0,227570705363869	-0,179473327853021
2,37572399999999	-0,048	0	0,211942365885977	-0,473956992205705
2,424724	-0,038	0	0,180967354786723	-0,829646393385787
2,475706	-0,03	0	0,128193923246553	-1,10012165856404
2,52569	-0,025	0	0,0700209082359422	-1,39342481461373
2,57568899999998	-0,023	0	-0,0111317587890724	-1,51749587890004
2,62468099999998	-0,026	0	-0,0804080429078316	-1,20535302402304
2,674691	-0,031	0	-0,130034833116582	-1,0720446387498
2,72466900000001	-0,039	0	-0,187594542611921	-0,875677525600605
2,77566999999999	-0,05	0	-0,217889350198526	-0,416678772284857
2,825658	-0,061	0	-0,230030208550428	0,0787261890880215
2,87565599999999	-0,073	0	-0,210011400780105	0,584564834776775
2,92565199999999	-0,082	0	-0,171577969137689	0,79537022249736
2,974638	-0,09	0	-0,131337334846541	1,01924997201187
3,025631	-0,095	0	-0,0688642329822454	1,30037391204844
3,07462999999998	-0,097	0	-0,00160454875826333	1,2902586952072
3,12563399999999	-0,095	0	0,0598282577630179	1,20427549508619
3,17561499999999	-0,091	0	0,120009606819404	1,10219861092498
3,22561400000001	-0,083	0	0,170022406329637	0,80032805683862
3,27560299999999	-0,074	0	0,200036807125467	0,400105014039497
3,32559499999999	-0,063	0	0,210024103811676	-0,000508006363262082
3,37559199999998	-0,053	0	0,199984009118011	-0,313731553696653
3,425603	-0,043	0	0,178645276453804	-0,690414081285374
3,476584	-0,035	0	0,129741105781555	-1,07684974124691
3,52459400000001	-0,03	0	0,0727251870356114	-1,21563722054011
3,57457299999999	-0,028	0	0,0105092921212305	-1,21688159437369
3,62557999999999	-0,029	0	-0,050104742484395	-1,19370660615118
3,675579	-0,033	0	-0,110051539887971	-1,11998737008244
3,725549	-0,04	0	-0,162073338964158	-0,701669491325343
3,77455799999998	-0,049	0	-0,180148121755002	-0,364194547685528
3,82554500000001	-0,058	0	-0,198472728416542	-0,193500524888546
3,87554399999999	-0,069	0	-0,200013602336427	0,384523825938233
3,92553699999999	-0,078	0	-0,160028405817315	0,800056002038805
3,975525	-0,085	0	-0,120023205597428	0,804229172933591
4,02552	-0,09	0	-0,0796191053526688	0,901178977920093
4,076527	-0,093	0	-0,0288121563389812	1,18826064385245
4,12550899999999	-0,093	0	0,0384309985504443	1,30035020131788
4,176503	-0,089	0	0,10089407396731	1,01800378278679
4,22549599999999	-0,083	0	0,141029936523958	0,700524549828851
4,27550299999999	-0,075	0	0,170002806664063	0,408443842684432
4,32549599999999	-0,066	0	0,181879106230963	0,0999871278354528
4,37448999999998	-0,057	0	0,180172355259676	-0,230206980048626
4,42547999999999	-0,048	0	0,158066283385853	-0,498010901753035
4,47548599999999	-0,041	0	0,130000905787454	-0,780525161693902
4,525477	-0,035	0	0,0800226863540347	-1,10725010748988
4,574466	-0,033	0	0,020618572587833	-1,00877239562248
4,62445299999999	-0,033	0	-0,0194105841664499	-0,977424047300413
4,675454	-0,035	0	-0,0784513714351431	-1,08924838680112
4,72644099999999	-0,041	0	-0,130502763336175	-0,73541059089444
4,77545000000001	-0,048	0	-0,153096883904664	-0,383424492791616
4,824423	-0,056	0	-0,168077046800814	-0,157071332342384
4,876419	-0,065	0	-0,168028715459236	0,15773879204605
4,925421	-0,073	0	-0,153057684506434	0,488040979779039
4,97442100000001	-0,08	0	-0,12020045343285	0,737277246545109
5,026419	-0,085	0	-0,0781818563470397	0,784580581533949
5,075399	-0,088	0	-0,040837343297644	0,987443566771092
5,125406	-0,089	0	0,020029213967449	1,10849365220072
5,17538099999999	-0,086	0	0,069999021505278	0,917397846657881
5,22539599999999	-0,082	0	0,111753222153324	0,705962030352353
5,27438799999999	-0,075	0	0,140155178852993	0,395486282150669
5,32536400000001	-0,068	0	0,150543327195665	0,199539631941143
5,37436700000001	-0,06	0	0,160121380061613	-0,0134260640310742
5,42536799999999	-0,052	0	0,148348947698476	-0,400405955612708
5,47536600000001	-0,045	0	0,12001760838769	-0,683395415484972
5,52534800000001	-0,04	0	0,0800268093313432	-0,900331128624794
5,575335	-0,037	0	0,0300114034689796	-0,903491539349744
5,62533399999998	-0,037	0	-0,0103073656009869	-0,796201728802231
5,67433299999999	-0,038	0	-0,0488311510401494	-0,887246911547536
5,72534099999999	-0,042	0	-0,0994525327047613	-0,711626192835106
5,775316	-0,048	0	-0,121267545555609	-0,401941190671533
5,82431499999998	-0,054	0	-0,139301095969715	-0,274725106711822
5,87532199999998	-0,062	0	-0,148359276679648	-0,0036929919915667
5,92530499999998	-0,069	0	-0,140026611358534	0,283435512755007
5,975303	-0,076	0	-0,12001760838769	0,600270038416922
6,025285	-0,081	0	-0,0800180142602637	0,800320056915603
6,07529399999999	-0,084	0	-0,0399928034120934	0,900194048122164
6,12528	-0,085	0	0,00999229827856141	0,9001910574832
6,17528099999998	-0,083	0	0,0500116056741616	0,700233055500381
6,22526399999998	-0,08	0	0,0800080043858776	0,600039982871741
6,275263	-0,075	0	0,110004800296019	0,515616179126178
6,32525999999999	-0,069	0	0,131567897153991	0,301811486215933
6,374247	-0,062	0	0,14013820889605	-0,010953619397185
6,425242	-0,055	0	0,129710838909914	-0,400201364767465
6,474242	-0,049	0	0,100885732857277	-0,508143753152849
6,52523199999999	-0,045	0	0,0792269128950705	-0,602476818514406
6,57523699999999	-0,041	0	0,0403852953847018	-0,78433032755597
6,62622500000001	-0,041	0	0	-0,688081159817244
6,675208	-0,041	0	-0,0288116033956243	-0,800181009823899
6,72621599999999	-0,044	0	-0,0808871851324857	-0,710052025981812
6,77519599999999	-0,049	0	-0,10104413906261	-0,309945608232891
6,82520399999999	-0,054	0	-0,111357022623834	-0,192259915858218
6,87418499999998	-0,06	0	-0,120104144955733	-0,0787720211022645
6,92519999999999	-0,066	0	-0,11881945247247	0,101380291052894
6,975199	-0,072	0	-0,110016608047275	0,488160156376712
7,025182	-0,077	0	-0,0700222093115286	0,700288089303452
7,07518099999999	-0,079	0	-0,0400036007161396	0,600295120263785
7,12517299999999	-0,081	0	-0,00999809869449601	0,792548701300397
7,17515799999998	-0,08	0	0,0392303481854979	0,699516255878377
7,22614400000001	-0,077	0	0,0600557701009461	0,411923226885549
7,27514399999998	-0,074	0	0,0804033915048937	0,502736460418573
7,325155	-0,069	0	0,110010916855851	0,296164281265116
7,37513899999999	-0,063	0	0,11003431072037	-0,100068068195198
7,42512399999998	-0,058	0	0,100007011072245	-0,193151111218548
7,475132	-0,053	0	0,0907208946681151	-0,20169190455394
7,524124	-0,049	0	0,0800716928188103	-0,51097882892169
7,57512299999999	-0,045	0	0,0384249088489147	-0,80022851748632
7,62410399999999	-0,045	0	0	-0,594254341576294
7,67511500000001	-0,045	0	-0,0202074260453947	-0,504382876151987
7,72510299999999	-0,047	0	-0,0507229190289876	-0,497415558393319
7,774103	-0,05	0	-0,0696667585698154	-0,386203231503558
7,82508999999999	-0,054	0	-0,0893365764393231	-0,399804870609727
7,87508499999998	-0,059	0	-0,110012301397167	-0,106837923811513
7,92507899999998	-0,065	0	-0,100019807033037	0,307913790474845
7,97505999999998	-0,069	0	-0,0792314288671015	0,404055134083277
8,02607	-0,073	0	-0,0592385559112582	0,387935562997175
8,07506899999999	-0,075	0	-0,0404185917294688	0,396110568759221
8,12505400000001	-0,077	0	-0,0200060018005262	0,598530418830102
8,175039	-0,077	0	0,0194164942409736	0,699494385155996
8,22602899999998	-0,075	0	0,0504443652693682	0,507083518991473
8,27502699999999	-0,072	0	0,0705149470583833	0,308926070281587
8,325031	-0,068	0	0,0808239872236575	0,193381718431451
8,37402799999998	-0,064	0	0,0896854154818065	0,0922961261019526
8,425017	-0,059	0	0,0896923108276486	-0,100156384751105
8,47400500000001	-0,055	0	0,0800655720781032	-0,300255998107593
8,52501699999999	-0,051	0	0,059238080567149	-0,602146383306848
8,57400999999999	-0,049	0	0,0206152394184957	-0,602269343336353
8,62399299999998	-0,049	0	0	-0,303479344882086
8,674995	-0,049	0	-0,00980728649539655	-0,392358934314875
8,72598399999998	-0,05	0	-0,0400118789973988	-0,596134412588282
8,77597399999999	-0,053	0	-0,0699969049849941	-0,305240768573253
8,82598300000001	-0,057	0	-0,0705244544574865	-0,00520102660890052
8,874955	-0,06	0	-0,0705226846823712	0,00519789495932895
8,92496599999998	-0,064	0	-0,0699991113069395	0,105121032723154
8,97494799999998	-0,067	0	-0,0600168054739581	0,20284953440752
9,02493799999999	-0,07	0	-0,0497197875448312	0,299075280617541
9,075931	-0,072	0	-0,0296266669603451	0,393107444062285
9,12493499999999	-0,073	0	-0,010406597427782	0,494150643352644
9,17593199999999	-0,073	0	0,0202034723044642	0,49711114940576
9,225922	-0,071	0	0,0400008026081561	0,305271429526378
9,27592999999999	-0,069	0	0,0507267369682983	0,310290592626653
9,324917	-0,066	0	0,0705243806451837	0,204159517021741
9,37491699999998	-0,062	0	0,0705265239068239	-0,204070844100087
9,4239	-0,059	0	0,0507357813171056	-0,2181365602195
9,47388699999999	-0,057	0	0,0493146538939852	-0,112390464249935
9,524899	-0,054	0	0,0392105730647881	-0,292132021797845
9,574882	-0,053	0	0,0200024022247326	-0,292215320015999
9,624887	-0,052	0	0,00999660000395319	-0,303152341565822
9,674868	-0,052	0	-0,0103036422834347	-0,400221917453543
9,723873	-0,053	0	-0,0296312431087755	-0,387558266402112
9,774856	-0,055	0	-0,0490272037188928	-0,298295013934472
9,825852	-0,058	0	-0,0600489342989399	-0,0119758723425019
9,874854	-0,061	0	-0,0510230135781539	0,0993202596959468
9,92384099999998	-0,063	0	-0,0503140955207319	0,0132651476042789
9,97384299999999	-0,066	0	-0,0497123842601058	0,202173941115899
10,024832	-0,068	0	-0,0295173058585711	0,290098920368716
10,074838	-0,069	0	-0,0202075180539952	0,296322272067045
10,123826	-0,07	0	-0,000405159205826701	0,308244125363805
10,173806	-0,069	0	0,0101064248897056	0,204217154390252
10,22482	-0,069	0	0,020206805608079	0,294100888907088
10,27481	-0,067	0	0,0396169362239058	0,30129499519039
10,325807	-0,065	0	0,0504567304477047	0,107019233016548
10,374786	-0,062	0	0,0507338157901188	-0,103368148788127
10,42479	-0,06	0	0,0399992003039867	-0,206262980303304
10,474788	-0,058	0	0,0301070042940211	-0,102814648575747
10,52378	-0,057	0	0,0296322871218676	-0,10307011629404
10,574764	-0,055	0	0,0194228754534768	-0,295269408058799
10,624764	-0,055	0	0	-0,394308837774925
10,674763	-0,055	0	-0,020007602312636	-0,300083017993613
10,72475	-0,057	0	-0,0300065021976311	0,00195381859393825
10,77475	-0,058	0	-0,0198069935905878	-0,000176779754338842
10,825744	-0,059	0	-0,0304342742784866	-0,206075350091129
10,874726	-0,061	0	-0,0404187627811067	-0,0988389463299928
10,924729	-0,063	0	-0,0400012006840587	0,204184994673577
10,974723	-0,065	0	-0,0200044005680704	0,302904848729171
11,024727	-0,065	0	-0,00971326339805492	0,104871346440786
11,075706	-0,066	0	-0,00961291938062649	0,101024625960645
11,124697	-0,066	0	0	0,196145390090609
11,173694	-0,066	0	0,00960697423137846	0,19611335542841
11,224696	-0,065	0	0,0196113057808983	0,102071450662098
11,275676	-0,064	0	0,0200205637256699	0,00388240061949375
11,324672	-0,063	0	0,0200155815898369	-0,00204368820536364
11,375679	-0,062	0	0,019808217742704	0,100965158658305
11,425661	-0,061	0	0,0299988027368144	-7,89882889684616E-05
11,475667	-0,059	0	0,0197905272349889	-0,203070783374148
11,524648	-0,059	0	0,0098952636174944	-0,10104455787149
11,574654	-0,058	0	0,00999760028796917	-0,199039904712918
11,624648	-0,058	0	-0,0100039013594524	-0,201017799389246
11,674633	-0,059	0	-0,010103541039042	-0,00711895239287087
11,725633	-0,059	0	-0,0107333192965465	-0,11005088808989
11,77363	-0,06	0	-0,0204287249065195	-0,0951639152232199
11,823615	-0,061	0	-0,019624091741906	0,00621265965953454
11,875626	-0,062	0	-0,0198359235389605	0,0981582959539735
11,924622	-0,063	0	-0,0103080029636055	0,200260730349854
11,974618	-0,063	0	0	0,103077966014609
12,024604	-0,063	0	0	0
12,074584	-0,063	0	0	0
12,123597	-0,063	0	0	0,0961174915259501
12,173581	-0,063	0	0,00970385244601847	0,0990061631913065
12,224586	-0,062	0	0,00980228776166298	0,00692525255773181
12,275584	-0,062	0	0,0104101790527381	0,00477065795277327
12,324577	-0,061	0	0,0103074155453293	-0,10314324408161
12,374558	-0,061	0	0	-0,102091382943658
12,423558	-0,061	0	0	0
12,47454	-0,061	0	0	0
12,524551	-0,061	0	0	0
12,574551	-0,061	0	0	-0,100068032984013
12,624544	-0,061	0	-0,0100047019677772	-0,0990358707770247
12,674526	-0,062	0	-0,00990333483235507	0,103092016406338
12,723516	-0,062	0	0	0,103107867130976
12,774517	-0,062	0	0	0
12,825511	-0,062	0	0	0
12,873493	-0,062	0	0	0
12,92449	-0,062	0	0	0
12,9745	-0,062	0	0	0,0990792468776027
13,023477	-0,062	0	0,00960497379128521	0,101004700518221
13,074479	-0,061	0	0,00970520178830175	-0,0970743449628894
13,124468	-0,061	0	0	-0,0970927890883671
13,174477	-0,061	0	0	0
13,224463	-0,061	0	0	0
13,274461	-0,061	0	0	-0,0990829841435471
13,323442	-0,061	0	-0,00960764958859331	-0,101962513807101
13,374436	-0,062	0	-0,00980670920595497	0,094155335811194
13,425447	-0,062	0	0	0,0941769166139113
13,474433	-0,062	0	0	0
13,524437	-0,062	0	0	0
13,574435	-0,062	0	0	0
13,624412	-0,062	0	0	0
13,673419	-0,062	0	0	0
13,723407	-0,062	0	0	0
13,774414	-0,062	0	0	0
13,824401	-0,062	0	0	0
13,8744	-0,062	0	0	0
13,924395	-0,062	0	0	0
13,975385	-0,062	0	0	0
14,024382	-0,062	0	0	0
14,074382	-0,062	0	0	0
14,125367	-0,062	0	0	0
14,174345	-0,062	0	0	0
14,224341	-0,062	0	0	0
14,274331	-0,062	0	0	0
14,323336	-0,062	0	0	0
14,374344	-0,062	0	0	0
14,423329	-0,062	0	0	0
14,473314	-0,062	0	0	0
14,523314	-0,062	0	0	0
14,574321	-0,062	0	0	0
14,6243	-0,062	0	0	0
14,673298	-0,062	0	0	0
14,723284	-0,062	0	0	0
14,774292	-0,062	0	0	0
14,824281	-0,062	0	0	0
14,873276	-0,062	0	0	0
14,924265	-0,062	0	0	0
14,974256	-0,062	0	0	0
15,023252	-0,062	0	0	0
15,073261	-0,062	0	0	0
15,12324	-0,062	0	0	0
15,175243	-0,062	0	0	0
15,224236	-0,062	0	0	0
15,274221	-0,062	0	0	0
15,324221	-0,062	0	0	0
15,37422	-0,062	0	0	0
15,423206	-0,062	0	0	0
15,47421	-0,062	0	0	0
15,5242	-0,062	0	0	0
15,574189	-0,062	0	0	0
15,624192	-0,062	0	0	0
15,67417	-0,062	0	0	0
15,724178	-0,062	0	0	0
15,774161	-0,062	0	0	0
15,824152	-0,062	0	0	0
15,874147	-0,062	0	0	0
15,924155	-0,062	0	0	0
15,974155	-0,062	0	0	0
16,024148	-0,062	0	0	0
16,07413	-0,062	0	0	0
16,12412	-0,062	0	0	0
16,175112	-0,062	0	0	0
16,224117	-0,062	0	0	0
16,274113	-0,062	0	0	0
16,324112	-0,062	0	0	0
16,374098	-0,062	0	0	0
16,424098	-0,062	0	0	0
16,474097	-0,062	0	0	0
16,524089	-0,062	0	0	0
16,575073	-0,062	0	0	0
16,624071	-0,062	0	0	0
16,673069	-0,062	0	0	0
16,724071	-0,062	0	0	0
16,774049	-0,062	0	0	0
16,824039	-0,062	0	0	0
16,874038	-0,062	0	0	0
16,923047	-0,062	0	0	0,0970628945754684
16,974021	-0,062	0	0,0100937437650448	0,0980705312631964
17,02403	-0,061	0	0,0100945282038081	-0,0980391593596072
17,075012	-0,061	0	0	-0,19705258473425
17,124028	-0,061	0	-0,00961399654793616	-0,0999692253631973
17,175012	-0,062	0	-0,00961079552361078	0,100094795123333
17,223996	-0,062	0	0	0,0991151815541049
17,274003	-0,062	0	0	0
17,323987	-0,062	0	0	0
17,373977	-0,062	0	0	0
17,422975	-0,062	0	0	0
17,474983	-0,062	0	0	0
17,522969	-0,062	0	0	0
17,57397	-0,062	0	0	0
17,623959	-0,062	0	0	0
17,672941	-0,062	0	0	0
17,724947	-0,062	0	0	0
17,77394	-0,062	0	0	0
17,823928	-0,062	0	0	0
17,873916	-0,062	0	0	0
17,923928	-0,062	0	0	0
17,973905	-0,062	0	0	0
18,023904	-0,062	0	0	0
18,074908	-0,062	0	0	0
18,124899	-0,062	0	0	0
18,17389	-0,062	0	0	0
18,223889	-0,062	0	0	0
18,273883	-0,062	0	0	0
18,32487	-0,062	0	0	0
18,373866	-0,062	0	0	0
18,423857	-0,062	0	0	0
18,473867	-0,062	0	0	0
18,52385	-0,062	0	0	0
18,573838	-0,062	0	0	0
18,624848	-0,062	0	0	0
18,673841	-0,062	0	0	0
18,724839	-0,062	0	0	0
18,773838	-0,062	0	0	0
18,823824	-0,062	0	0	0
18,872805	-0,062	0	0	0
18,923816	-0,062	0	0	0
18,973798	-0,062	0	0	0
19,023785	-0,062	0	0	0
19,074786	-0,062	0	0	0
19,123791	-0,062	0	0	0
19,173773	-0,062	0	0	0
19,222768	-0,062	0	0	0
19,273778	-0,062	0	0	0
19,323762	-0,062	0	0	0
19,373763	-0,062	0	0	0
19,423746	-0,062	0	0	0
19,474733	-0,062	0	0	0
19,523745	-0,062	0	0	0
19,572744	-0,062	0	0	0
19,622718	-0,062	0	0	0
19,673716	-0,062	0	0	0
19,723706	-0,062	0	0	0
19,773719	-0,062	0	0	0
19,8237	-0,062	0	0	0
19,873709	-0,062	0	0	0
19,92369	-0,062	0	0	0
19,973678	-0,062	0	0	0
20,023671	-0,062	0	0	0
20,073671	-0,062	0	0	0
20,12368	-0,062	0	0	0
20,173661	-0,062	0	0	0
20,222652	-0,062	0	0	0
20,272655	-0,062	0	0	0
20,323648	-0,062	0	0	0
20,374639	-0,062	0	0	0
20,423642	-0,062	0	0	0
20,473637	-0,062	0	0	0
20,522628	-0,062	0	0	0
20,574611	-0,062	0	0	0
20,623621	-0,062	0	0	0
20,6736	-0,062	0	0	0
20,723609	-0,062	0	0	0
20,774596	-0,062	0	0	0
20,823585	-0,062	0	0	0
20,874592	-0,062	0	0	0
20,923581	-0,062	0	0	0
20,972582	-0,062	0	0	0
21,02357	-0,062	0	0	0
21,073552	-0,062	0	0	0
21,123559	-0,062	0	0	0
21,17356	-0,062	0	0	0
21,223544	-0,062	0	0	0
21,274526	-0,062	0	0	0
21,323536	-0,062	0	0	0
21,373523	-0,062	0	0	0
21,423527	-0,062	0	0	0
21,473505	-0,062	0	0	0
21,523521	-0,062	0	0	0
21,573498	-0,062	0	0	0
21,623492	-0,062	0	0	0
21,673495	-0,062	0	0	0
21,722475	-0,062	0	0	0
21,773472	-0,062	0	0	0
21,823465	-0,062	0	0	0
21,872462	-0,062	0	0	0
21,923454	-0,062	0	0	0
21,973456	-0,062	0	0	0
22,022449	-0,062	0	0	0
22,072457	-0,062	0	0	0
22,123444	-0,062	0	0	0
22,173439	-0,062	0	0	0
22,223419	-0,062	0	0	0
22,274412	-0,062	0	0	0
22,323404	-0,062	0	0	0
22,372411	-0,062	0	0	0
22,422393	-0,062	0	0	0
22,473388	-0,062	0	0	0
22,523391	-0,062	0	0	0
22,573377	-0,062	0	0	0
22,623388	-0,062	0	0	0
22,672372	-0,062	0	0	0
22,723383	-0,062	0	0	0
22,773355	-0,062	0	0	0
22,823365	-0,062	0	0	0
22,873354	-0,062	0	0	0
22,924349	-0,062	0	0	0
22,972347	-0,062	0	0	0
23,022329	-0,062	0	0	0
23,073339	-0,062	0	0	0
23,123327	-0,062	0	0	0
23,173308	-0,062	0	0	0
23,223317	-0,062	0	0	0
23,272313	-0,062	0	0	0
23,323302	-0,062	0	0	0
23,373291	-0,062	0	0	0
23,423283	-0,062	0	0	0
23,473293	-0,062	0	0	0
23,524278	-0,062	0	0	0
23,573278	-0,062	0	0	0
23,624269	-0,062	0	0	0
23,674251	-0,062	0	0	0
23,723263	-0,062	0	0	0
23,773261	-0,062	0	0	0
23,823235	-0,062	0	0	0
23,874234	-0,062	0	0	0
23,923226	-0,062	0	0	0
23,972236	-0,062	0	0	0
24,023222	-0,062	0	0	0
24,072223	-0,062	0	0	0
24,123198	-0,062	0	0	0
24,173204	-0,062	0	0	0
24,223191	-0,062	0	0	0
24,274187	-0,062	0	0	0
24,32319	-0,062	0	0	0
24,372169	-0,062	0	0	0
24,423179	-0,062	0	0	0
24,47316	-0,062	0	0	0
24,522154	-0,062	0	0	0
24,573152	-0,062	0	0	0
24,623155	-0,062	0	0	0
24,672137	-0,062	0	0	0
24,72315	-0,062	0	0	0
24,773135	-0,062	0	0	0
24,823141	-0,062	0	0	0
24,873115	-0,062	0	0	0
24,922118	-0,062	0	0	
24,973101	-0,062	0		
