MIN=0	-0,2	0	-2	-20
MAX=25	0,2	1	2	20
SCALE=25	0,5	0,5	1	10
DEC=2	3	0	2	2
DEF="Tiempo" t / s	"Recorrido" s_A1 / m	"Fuente" S_1	"Velocidad" v / m/s	"Aceleración" a / m/s^2
0	-0,127	0		
0,0499999999999545	-0,124	0	0,180029404998373	
0,0999930000000404	-0,109	0	0,423374699165111	4,41782845892302
0,150980000000004	-0,081	0	0,625238713310269	3,20409638444749
0,200990000000047	-0,046	0	0,748440016799369	1,52753375420555
0,249983000000043	-0,007	0	0,778353602772144	-0,366938880254285
0,29996200000005	0,031	0	0,710176300012975	-2,14596057157477
0,349961000000008	0,064	0	0,56377347682658	-3,80761463290473
0,398952000000008	0,087	0	0,335015725794048	-4,95329690779351
0,450961000000007	0,097	0	0,0617240010745544	-5,29135614917847
0,499948000000018	0,094	0	-0,199174970351723	-5,1734195026272
0,549951999999962	0,077	0	-0,450084641591106	-4,30995990296699
0,599938000000066	0,049	0	-0,630153338418534	-2,88166782106512
0,649927000000048	0,014	0	-0,738175057584052	-1,2746786854807
0,698931000000016	-0,024	0	-0,758066280137827	0,666344415021188
0,748908000000029	-0,061	0	-0,67011229825513	2,51258454542319
0,798922000000061	-0,091	0	-0,506774718781442	4,00154739000422
0,84990300000004	-0,112	0	-0,264539400767831	5,12474538962894
0,899896000000012	-0,118	0	0,00996090122989824	5,24584919659187
0,94990400000006	-0,111	0	0,260043415871747	4,80089810326533
0,999895000000038	-0,092	0	0,49005270787276	4,00200090212453
1,049891	-0,062	0	0,66018548964149	2,3753347369159
1,09987000000001	-0,026	0	0,72756173042232	0,666512348460824
1,14887099999999	0,01	0	0,727477005901475	-0,865957381905798
1,19886199999996	0,046	0	0,640110419171107	-2,69993517378744
1,24885400000005	0,074	0	0,457527482823521	-4,19723241443803
1,29986299999996	0,092	0	0,215065964452888	-5,0310936514304
1,34984399999996	0,096	0	-0,0499972940073072	-5,05214108097183
1,39983200000006	0,087	0	-0,28998801107435	-4,50085331851847
1,449836	0,067	0	-0,50003701387179	-3,70049896969424
1,49982899999998	0,037	0	-0,660037808527038	-2,30104236400806
1,54982900000005	0,001	0	-0,730112550192095	-0,400614277356796
1,59981400000004	-0,036	0	-0,700123248961449	1,50061925028378
1,64981299999999	-0,069	0	-0,580049413249637	3,10125925699257
1,69980299999997	-0,094	0	-0,390044031201812	4,30089095547536
1,74981300000002	-0,108	0	-0,149940312775317	5,00079110756058
1,79979600000001	-0,109	0	0,109989294371445	5,00050021721846
1,84979199999998	-0,097	0	0,349999501404781	4,30101829430082
1,89979300000005	-0,074	0	0,540073224797934	3,20088517511688
1,94978200000003	-0,043	0	0,670070420653883	1,73105498100381
1,99978099999998	-0,007	0	0,713140559278184	-0,0982869302252504
2,05076299999996	0,029	0	0,658239976870245	-1,7906776318365
2,09976600000005	0,059	0	0,536870102861356	-3,10053978839774
2,149766	0,082	0	0,350020815622699	-4,3692462745741
2,19974999999999	0,094	0	0,100035612444289	-5,0011297090632
2,24973599999998	0,092	0	-0,149942120693172	-4,60192312626989
2,29974900000002	0,079	0	-0,360130544722732	-3,90184145908377
2,34972200000004	0,056	0	-0,540095697943224	-3,09964743864559
2,39972299999999	0,025	0	-0,669986600267762	-1,59926709491146
2,44972400000006	-0,011	0	-0,70002560596836	0,35359339774217
2,49971900000003	-0,045	0	-0,634640126518143	2,10290132096534
2,55071299999997	-0,075	0	-0,486051301672135	3,62401136722704
2,59970599999997	-0,094	0	-0,275072409766862	4,42018179997968
2,64968699999997	-0,102	0	-0,0483409424543586	4,74920854334628
2,69869800000004	-0,099	0	0,194652309948866	4,70905333699144
2,74967900000001	-0,082	0	0,421526425745492	3,73634040889728
2,80069400000002	-0,056	0	0,575695529697596	2,42232640587409
2,85066400000005	-0,024	0	0,667385610997608	0,944793087702843
2,89966500000003	0,01	0	0,670910952955554	-0,711770666463611
2,95066800000006	0,043	0	0,593003599158818	-2,27560614449092
3,00066300000003	0,07	0	0,442572551434026	-3,63270787173089
3,04964500000006	0,087	0	0,234700059147243	-4,46692900750228
3,09965899999997	0,093	0	-0,000100828247464769	-4,54748586171874
3,149631	0,087	0	-0,219997223288927	-4,20009795898259
3,19963300000006	0,071	0	-0,419989400342145	-3,62955996489838
3,24963400000001	0,045	0	-0,582964848698573	-2,40009269712517
3,30062399999997	0,012	0	-0,660660554828245	-0,708005617477648
3,34961399999997	-0,021	0	-0,656950211802445	1,03546171937263
3,39961800000003	-0,053	0	-0,556189592539928	2,6845751838772
3,45059500000002	-0,077	0	-0,384543555308309	3,73257987953293
3,50060900000005	-0,092	0	-0,179929831730551	4,47592936642087
3,55059000000006	-0,095	0	0,0630016132385629	4,65186832035437
3,59960000000001	-0,086	0	0,280964445880142	4,11839930916195
3,64957300000003	-0,067	0	0,470013419678473	3,19231289831177
3,69958299999996	-0,039	0	0,600097737713325	1,76573475559749
3,74956099999997	-0,007	0	0,6466191569225	0,199886183624162
3,79857800000002	0,025	0	0,621276852832442	-1,2992938832129
3,849559	0,055	0	0,513557997847703	-2,7835928353057
3,89954499999999	0,077	0	0,34154744673808	-3,84658022475844
3,94853899999998	0,089	0	0,133619830920481	-4,32712277496281
3,99855300000002	0,09	0	-0,0870437834151732	-4,33760325166812
4,04953399999999	0,08	0	-0,3043110631219	-3,95276728818196
4,098524	0,06	0	-0,483412149510425	-3,03146299502969
4,14851399999998	0,032	0	-0,603103710136463	-1,50272146908737
4,199521	-0,001	0	-0,63335057160516	0,244677144317258
4,24952099999996	-0,032	0	-0,580060022758272	1,66447842623373
4,29950900000006	-0,059	0	-0,466937069017263	2,81035856227294
4,35049200000003	-0,079	0	-0,295195228665284	3,94199091044845
4,40050399999996	-0,089	0	-0,0699185991963215	4,48569298686364
4,45048199999997	-0,086	0	0,153330488237642	4,14980663598315
4,49949500000002	-0,074	0	0,341481081621035	3,57204619781677
4,549488	-0,052	0	0,506456450298348	2,58733149892719
4,59848	-0,024	0	0,599000507781803	1,10397843623509
4,64946799999996	0,008	0	0,613634722726199	-0,499876812161219
4,69947300000001	0,038	0	0,550048561526167	-1,83558677995464
4,74945500000001	0,063	0	0,430125844965325	-3,00078440998652
4,79944699999999	0,081	0	0,25003611039243	-4,0016277118233
4,84945200000004	0,088	0	0,0299646966435758	-4,30064205377273
4,89944000000003	0,084	0	-0,180001401678873	-3,94729917127168
4,94943899999998	0,07	0	-0,364708338302432	-3,29976983574827
5,00042700000006	0,047	0	-0,512447333851143	-2,28422254887268
5,04942800000003	0,019	0	-0,595495239951824	-0,901723049371269
5,099423	-0,012	0	-0,600121639146312	0,753752383047826
5,149407	-0,041	0	-0,520154446770496	2,22225004907105
5,19939399999998	-0,064	0	-0,377957345013127	3,30209050537021
5,25039100000004	-0,079	0	-0,18576283881057	3,96957184901438
5,299395	-0,083	0	0,0182189416301055	4,09997009613637
5,34937400000001	-0,077	0	0,219941249176081	3,81878910239092
5,39938900000004	-0,061	0	0,400059284138173	3,0624137074848
5,44937200000004	-0,037	0	0,526210971527479	1,80029579206759
5,498378	-0,009	0	0,579668852470262	0,503232734938782
5,54937100000006	0,021	0	0,574151235377024	-0,902707075691604
5,59934699999997	0,049	0	0,490123327290688	-2,3416120192987
5,64935500000001	0,07	0	0,339985229915694	-3,40110861858773
5,699341	0,083	0	0,150050416613106	-4,02703348100256
5,74933899999996	0,085	0	-0,0626591408621495	-4,00226051766684
5,79833800000006	0,077	0	-0,246660033127062	-3,46054304384978
5,84932300000003	0,06	0	-0,407463993203494	-2,7986556958556
5,899317	0,036	0	-0,529962829260084	-1,66914428092429
5,94932700000004	0,007	0	-0,57436009782598	-0,0573642936643564
6,00031799999999	-0,022	0	-0,534111448807002	1,3074405629059
6,05029999999999	-0,047	0	-0,443379107459657	2,32755230364769
6,09930900000006	-0,066	0	-0,304691858278364	3,3458236389769
6,14930100000004	-0,077	0	-0,111114608748042	4,14598456907509
6,20029999999997	-0,077	0	0,114572297108698	4,1144433729229
6,24927600000001	-0,066	0	0,301459728170695	3,29843815171012
6,29928400000006	-0,047	0	0,439985608942644	2,28662070215112
6,34928200000002	-0,022	0	0,530145186217397	1,20097650435279
6,39925900000003	0,006	0	0,560078525714042	-0,143764894520662
6,44926799999996	0,034	0	0,515723160995673	-1,52583139914006
6,50025800000003	0,058	0	0,404705295780942	-2,73702265767978
6,55025599999999	0,075	0	0,24041650698103	-3,56490451221936
6,59931000000006	0,082	0	0,0521161482490299	-3,74358696985377
6,64922899999999	0,08	0	-0,129931644832322	-3,52379438602694
6,69923800000004	0,069	0	-0,299987404697081	-3,10180768383294
6,74923799999999	0,05	0	-0,440145705518637	-2,2437834913546
6,79921200000001	0,025	0	-0,524336495790089	-1,04668854411
6,85022200000003	-0,003	0	-0,544508856164154	0,313631371664062
6,90020400000003	-0,03	0	-0,494105435616962	1,82613826540275
6,94921099999999	-0,052	0	-0,365320231457948	2,96366734205398
6,99920299999997	-0,066	0	-0,20003721152125	3,45385212486908
7,04918199999997	-0,072	0	-0,0200390194146652	3,70094461153756
7,09917800000005	-0,068	0	0,169968108509792	3,60105064823246
7,14918699999998	-0,055	0	0,340078865693309	2,9461923358045
7,19916799999999	-0,034	0	0,464583376016159	1,84588152483946
7,25015800000006	-0,008	0	0,52514430439146	0,482719516959327
7,30015000000003	0,019	0	0,514722732797035	-0,716647128045034
7,34914300000003	0,043	0	0,455212191787922	-1,75423425996084
7,39916300000004	0,064	0	0,339910864254479	-2,9518928739687
7,44915700000001	0,077	0	0,160015202144819	-3,67933736038214
7,49914100000001	0,08	0	-0,0279403066773487	-3,56554350460193
7,55013099999996	0,074	0	-0,199616166958317	-3,18609747681356
7,60013500000002	0,06	0	-0,350070039772922	-2,70469055558118
7,65011900000002	0,039	0	-0,470064929644725	-1,64957874491265
7,70011799999997	0,013	0	-0,514977335426557	-0,355330009017224
7,75111400000003	-0,013	0	-0,504858075495148	0,960748468634945
7,79909799999996	-0,037	0	-0,42433902848927	2,27876830215626
7,84810400000003	-0,054	0	-0,282599371914074	3,06003350361727
7,89910399999997	-0,065	0	-0,117634754898621	3,49353447934423
7,95008800000005	-0,066	0	0,0736769638345882	3,53944303168218
7,99907400000006	-0,058	0	0,2370376172752	3,00078051181765
8,05006500000002	-0,042	0	0,372318988863983	2,25358657014249
8,099065	-0,021	0	0,463935577738397	1,30150836271071
8,14906299999996	0,004	0	0,500020000799868	0,0610807394978875
8,19906100000003	0,029	0	0,47004340736508	-1,19957574212836
8,249053	0,051	0	0,380081622151177	-2,300386059958
8,299037	0,067	0	0,240068023792473	-2,99333741748738
8,34903199999997	0,075	0	0,0808065123034506	-3,30194735978987
8,400035	0,075	0	-0,093659080783672	-3,31568117500686
8,44904099999997	0,066	0	-0,251202651587717	-2,90003375660584
8,49902499999996	0,05	0	-0,380111633073383	-2,18874321314193
8,54901100000006	0,028	0	-0,470009749527623	-1,05343003917347
8,59902	0,003	0	-0,485415090306564	0,296422831252748
8,65001500000005	-0,021	0	-0,438866083529262	1,42675120062168
8,69899199999998	-0,041	0	-0,344813123762576	2,30421718563726
8,74900500000001	-0,055	0	-0,209967838390594	3,06449745474469
8,79898600000001	-0,062	0	-0,0384053284687421	3,43404917664926
8,84797900000001	-0,059	0	0,129910820664846	3,17921122390828
8,89797899999996	-0,049	0	0,275792829028796	2,64964795613174
8,94896000000006	-0,031	0	0,396943962099712	1,8134457432673
8,998963	-0,009	0	0,460012406200768	0,686689387601555
9,04895799999997	0,015	0	0,465620720406631	-0,432949915272117
9,09996699999999	0,038	0	0,415166003478905	-1,55141829282662
9,149947	0,057	0	0,310090048421711	-2,55182094181884
9,19994700000007	0,069	0	0,160016963682621	-3,11817387683445
9,24893299999997	0,073	0	0,0016687812947508	-3,13401436997602
9,29894100000001	0,069	0	-0,150028210789485	-3,01752664366749
9,34893099999999	0,058	0	-0,300078421318031	-2,50047427782502
9,39891699999998	0,039	0	-0,400019636070869	-1,45100684277398
9,44892400000003	0,018	0	-0,445145911863727	-0,455244959174368
9,49989700000003	-0,006	0	-0,445118025969083	0,556598490115506
9,54991100000007	-0,027	0	-0,389993174197787	1,63819793772085
9,59989400000006	-0,045	0	-0,281336369081514	2,70927824672095
9,64888700000006	-0,055	0	-0,122889249903824	3,24600964175501
9,69888500000002	-0,057	0	0,0400136026084511	3,12890000943083
9,74887699999999	-0,051	0	0,189971013394285	2,79994402784898
9,79888700000004	-0,038	0	0,320006415358645	2,15503966243088
9,84888100000001	-0,019	0	0,405497842264267	1,15811128964009
9,89987099999996	0,003	0	0,435846744673896	0,174996832814174
9,94985399999996	0,025	0	0,424005716457399	-0,831859091402839
9,99885200000006	0,045	0	0,354669018380802	-1,8498228096704
10,048839	0,06	0	0,240032430626923	-2,64698967536379
10,098851	0,069	0	0,089955010329707	-3,10044509121314
10,148837	0,069	0	-0,070000698872483	-2,86938296006815
10,198832	0,062	0	-0,19692281557516	-2,45840805055172
10,24982	0,049	0	-0,318097083249964	-2,10480391239948
10,2998190000001	0,03	0	-0,410012900486963	-1,16216010598318
10,349817	0,008	0	-0,434310959740637	0,167945742606424
10,3987999999999	-0,013	0	-0,394703459098142	1,14737653016399
10,448803	-0,031	0	-0,320038440338275	1,84688519555729
10,4987820000001	-0,045	0	-0,210065155773293	2,60078806825198
10,548794	-0,052	0	-0,0599566055993215	3,07543083521617
10,5987769999999	-0,051	0	0,0974582609871651	2,96320658176648
10,649774	-0,042	0	0,238886629921009	2,33381241164119
10,699764	-0,027	0	0,334019301020211	1,55370131130806
10,748769	-0,009	0	0,393376696704702	0,876346272481535
10,7987720000001	0,012	0	0,420109314482627	-0,133103484048574
10,848743	0,033	0	0,380112529637259	-1,40108858056827
10,8987500000001	0,05	0	0,27998801521265	-2,20473270964554
10,94874	0,061	0	0,159652757473217	-2,4902867635404
10,9997370000001	0,066	0	0,0283323763875862	-2,77298180047054
11,0497290000001	0,064	0	-0,119994000516564	-2,81998584237406
11,0997299999999	0,054	0	-0,253643821414742	-2,13894573768151
11,148717	0,039	0	-0,332795926706341	-1,28363177889067
11,198725	0,021	0	-0,380031639215493	-0,633685857818414
11,248711	0,001	0	-0,396174385963682	0,301430572566884
11,2997110000001	-0,019	0	-0,348312293810609	1,35970466969597
11,3486990000001	-0,034	0	-0,261881838654046	2,19589698797101
11,3996810000001	-0,045	0	-0,127032310207162	2,80883843478658
11,449693	-0,047	0	0,0214792479901464	2,69389119358812
11,498668	-0,043	0	0,140193621764765	2,41065157404884
11,5486800000001	-0,033	0	0,260074481535924	1,99885155334026
11,5986560000001	-0,017	0	0,340083450267321	1,19934592880552
11,648653	0,001	0	0,379959821252706	0,365944623724957
11,6986650000001	0,021	0	0,376668255279199	-0,620965556280028
11,7496599999999	0,039	0	0,316135802212816	-1,55836086902697
11,799657	0,053	0	0,22002020369062	-2,16343020559872
11,849647	0,061	0	0,0998242800497987	-2,61881208234007
11,898627	0,063	0	-0,0387348897082968	-2,72833560111019
11,948637	0,057	0	-0,170044335201728	-2,31329738255192
11,9986180000001	0,046	0	-0,270061920284967	-1,76050489656
12,0486100000001	0,03	0	-0,346041997284249	-0,963732640896483
12,0996090000001	0,011	0	-0,366258953401451	0,0688990709573705
12,1495970000001	-0,007	0	-0,340015633402685	0,762320703620175
12,199607	-0,023	0	-0,290017962937602	1,49463989218013
12,2495839999999	-0,036	0	-0,190603726231702	2,31170386967008
12,2985860000001	-0,042	0	-0,0618305741921262	2,53341586827716
12,3485720000001	-0,042	0	0,0599861997061882	2,41886008274281
12,3985749999999	-0,036	0	0,180028209151993	2,26217008301993
12,4485649999999	-0,024	0	0,286190974026614	1,66081562089676
12,4995739999999	-0,007	0	0,34681599404407	0,620869004875782
12,5495619999999	0,011	0	0,350044415699829	-0,238677390115967
12,5995620000001	0,028	0	0,322943840015632	-0,880803671194749
12,6485439999999	0,043	0	0,263543465581725	-1,63735622223739
12,6985540000001	0,054	0	0,15997641362292	-2,23551815268485
12,7485429999999	0,059	0	0,0400007972145789	-2,5002953407716
12,798522	0,058	0	-0,0899711061038409	-2,47074256879918
12,84853	0,05	0	-0,207033810140408	-1,96613242549644
12,8995090000001	0,037	0	-0,287790097052588	-1,14317368610487
12,949517	0,021	0	-0,323327632376382	-0,556121376901715
12,998501	0,005	0	-0,343154872491036	0,123771509410333
13,048499	-0,013	0	-0,309993504896408	1,23138468400603
13,098506	-0,026	0	-0,220000019892054	1,79974293726022
13,1484909999999	-0,035	0	-0,130033614620881	2,08755001967643
13,198494	-0,039	0	-0,0112597101095929	2,4742699746753
13,2494850000001	-0,036	0	0,120050232953885	2,1840677926793
13,299469	-0,027	0	0,210056415796656	1,63699735296833
13,349457	-0,015	0	0,283702822652181	1,23979527875376
13,398463	0,001	0	0,333242772788757	0,379764749984149
13,4484440000001	0,018	0	0,320051648025193	-0,532362572913488
13,49845	0,033	0	0,280000010864799	-1,2079859402988
13,548442	0,046	0	0,199266865752492	-1,89411675881863
13,599434	0,053	0	0,0881605483511305	-2,1709652925501
13,649435	0,055	0	-0,0200009999821297	-2,10234699348855
13,699435	0,051	0	-0,122076375024976	-1,92921615365527
13,7484240000001	0,043	0	-0,211196935413582	-1,69963041978584
13,798411	0,03	0	-0,290057912982575	-1,08853221736106
13,848403	0,014	0	-0,320022406753069	-0,0999260241034623
13,898404	-0,002	0	-0,300040824825857	0,718267279286608
13,9483869999999	-0,016	0	-0,248218640207056	1,21023510728133
13,9993850000001	-0,027	0	-0,177474417644465	1,77218345007582
14,0493839999999	-0,034	0	-0,0699950992092227	2,29020228445757
14,0993739999999	-0,034	0	0,0515180884909119	2,22340990293419
14,1483820000001	-0,029	0	0,150521250465087	1,8074180360291
14,198382	-0,019	0	0,230040615881185	1,29544642516086
14,248368	-0,006	0	0,280056013919688	0,700172989885106
14,2983610000001	0,009	0	0,300039005130516	-0,0235944864468461
14,3483550000001	0,024	0	0,277696025374415	-0,71559101024842
14,3993539999999	0,037	0	0,22722385180682	-1,3684877037506
14,4493299999999	0,047	0	0,140280267220169	-1,88198214840658
14,4983300000001	0,051	0	0,0412277963971784	-1,92428881520134
14,5483280000001	0,051	0	-0,050024509758743	-2,01267273211204
14,598311	0,046	0	-0,15999561026767	-1,90004799664055
14,6483149999999	0,035	0	-0,239992001023504	-1,16937595220827
14,6983150000001	0,022	0	-0,276941326245555	-0,470911788279818
14,749298	0,007	0	-0,287013870494605	0,256051049723372
14,799307	-0,007	0	-0,251957425273264	0,856621818152042
14,848297	-0,018	0	-0,202523087639004	1,32641769830306
14,898279	-0,027	0	-0,120043220359906	1,82551481882909
14,948281	-0,03	0	-0,0199937996540408	2,00040415065154
14,998274	-0,029	0	0,0799872017598375	1,79809290878389
15,0482790000001	-0,022	0	0,159807051086979	1,44480389264554
15,2702420000001	0,033	0	0,331299785505768	-13,1795721091715
15,2762379999999	0,035	0	0,250015192772397	-13,7131210373683
15,282256	0,036	0	0,166543444063257	-5,84604152061069
15,288247	0,037	0	0,17937773968743	1,74310280520708
15,298239	0,039	0	0,190142820593997	0,564263836729917
15,3482300000001	0,046	0	0,0900179055514733	-1,90164965620815
15,398238	0,048	0	-1,68016807336466E-05	-1,78169142257524
15,4482250000001	0,046	0	-0,0881431140995556	-1,67463046403071
15,4992259999999	0,039	0	-0,168953383364595	-1,50242891398634
15,549219	0,029	0	-0,240043208185537	-0,93372462425443
15,599209	0,015	0	-0,262312902009399	-0,118659772603798
15,6482040000001	0,003	0	-0,252432651388294	0,422659904926791
15,6981860000001	-0,01	0	-0,220038641340087	1,02426677410914
15,7481970000001	-0,019	0	-0,149991320626918	1,50025811245483
15,7981810000001	-0,025	0	-0,0700257094042697	1,78767078039078
15,848176	-0,026	0	0,02874234940565	1,78172103958665
15,8991619999999	-0,022	0	0,109506268920283	1,41928516710528
15,9491740000001	-0,015	0	0,172405191722567	1,13249854870754
15,9981520000001	-0,005	0	0,221868492440061	0,788319728815636
16,0481649999999	0,007	0	0,249978214656326	0,181319138477487
16,098162	0,02	0	0,240014400863688	-0,599626091721445
16,1481590000001	0,031	0	0,19001920324064	-1,20005595164291
16,1981499999999	0,039	0	0,120025607330916	-1,50038808533247
16,2481310000001	0,043	0	0,0400244106560946	-1,60072823422134
16,298135	0,043	0	-0,0400232095876018	-1,60078028428922
16,348117	0,039	0	-0,120031208786736	-1,4227582855031
16,398105	0,031	0	-0,182254219525578	-0,922055513025949
16,4471160000001	0,021	0	-0,211938182975359	-0,460811437935872
16,497116	0,01	0	-0,227590221165649	-0,0603887022250987
16,548108	-0,002	0	-0,217530724584329	0,577570821768203
16,5980870000001	-0,012	0	-0,170035141979569	1,17544424387669
16,648099	-0,019	0	-0,0999820154809801	1,50028508219362
16,698081	-0,022	0	-0,020021607202764	1,70033410054368
16,7480869999999	-0,021	0	0,0700358181234297	1,60035609137832
16,7980669999999	-0,015	0	0,140002024205977	1,05839330836046
16,8480770000001	-0,007	0	0,17584406943115	0,701818178603697
16,9000659999999	0,003	0	0,211526718742332	0,366367098293818
16,9480530000001	0,014	0	0,2149345538602	-0,207994237847893
16,9980419999999	0,024	0	0,190007815437278	-0,749416120847042
17,048051	0,033	0	0,139984407735074	-1,20093135008249
17,0980440000001	0,038	0	0,0699186981229791	-1,39419077105825
17,1490349999999	0,04	0	-0,000791797274543784	-1,39929910985274
17,1990169999999	0,038	0	-0,0713476074318046	-1,29198475870086
17,248008	0,033	0	-0,128898179780278	-1,09922000766307
17,2990150000001	0,025	0	-0,180956741721008	-0,719812319444305
17,3480059999999	0,015	0	-0,202066844521457	-0,197265926689269
17,398013	0,005	0	-0,200006011740986	0,320410891029893
17,448003	-0,005	0	-0,170036207837789	0,799916019426814
17,497991	-0,012	0	-0,120032809534875	1,19553574386918
17,5479740000001	-0,017	0	-0,050519256166681	1,38866367154758
17,5989710000001	-0,017	0	0,0201901864811507	1,30715169848164
17,648983	-0,015	0	0,081669716707937	1,22079532206608
17,697966	-0,009	0	0,141060132941428	0,898977432990444
17,7479619999999	-0,001	0	0,170007900670981	0,489907799324526
17,797961	0,008	0	0,190047928755592	0,114774782726976
17,847939	0,018	0	0,181494750020247	-0,403840062841232
17,896939	0,026	0	0,150527357078775	-0,921639726771741
17,9479329999999	0,033	0	0,0881576711309745	-1,29376786527068
17,9979430000001	0,035	0	0,019989401261522	-1,1815325060057
18,04792	0,035	0	-0,0299921985715906	-1,08541316527484
18,097921	0,032	0	-0,0885321325737291	-1,09982042515645
18,148925	0,026	0	-0,140935797611141	-0,719484932981686
18,197911	0,018	0	-0,161691758487897	-0,296176975370457
18,247899	0,01	0	-0,169991423258008	0,01692181816372
18,2979130000001	0,001	0	-0,159990026695684	0,499708901743977
18,347898	-0,006	0	-0,120038412496329	0,899960203366634
18,39788	-0,011	0	-0,0700243091565134	1,10052529162604
18,4478710000001	-0,013	0	-0,0100137994607268	1,10845171009742
18,4978860000001	-0,012	0	0,0408230967249905	1,09790238467743
18,546883	-0,009	0	0,0985275278383081	0,986379407228577
18,597855	-0,002	0	0,138659457788178	0,504519167410917
18,647868	0,005	0	0,150013729829943	0,213904145854153
18,69785	0,013	0	0,160049616181351	-0,0999141112513824
18,7478370000001	0,021	0	0,14002240885055	-0,606321955882022
18,797838	0,027	0	0,099418936788374	-1,00203325434599
18,8488400000001	0,031	0	0,0384298968653497	-1,08899330608514
18,8978420000001	0,031	0	-0,00990366513010171	-0,884656515432391
18,947827	0,03	0	-0,048937645102969	-0,88453886630717
18,9988149999999	0,026	0	-0,0994281653921183	-0,814722572934117
19,0488150000001	0,02	0	-0,131558316788634	-0,420033084909219
19,097806	0,013	0	-0,141452274760933	-0,0878857686870306
19,1478090000001	0,006	0	-0,140025220673594	0,214402249333886
19,1977879999999	-0,001	0	-0,12002482834533	0,600244024303948
19,247799	-0,006	0	-0,0799940122256599	0,897245560275069
19,297781	-0,009	0	-0,0303121661182233	1,09027253022352
19,3487769999999	-0,009	0	0,0302967592100174	0,998851422992878
19,398776	-0,006	0	0,0709413029415002	0,606327385768264
19,44776	-0,002	0	0,0907279631644803	0,394813402616388
19,4977670000001	0,003	0	0,110005405804557	0,293020748741981
19,5477579999999	0,009	0	0,120032410696102	0,100123034961972
19,5977399999999	0,015	0	0,120016813973004	-0,206093308934579
19,6477440000001	0,021	0	0,099416908740649	-0,59791521437242
19,698742	0,025	0	0,0592528385446424	-0,785961816818391
19,7477280000001	0,027	0	0,020826991621083	-0,800150903100216
19,7987370000001	0,027	0	-0,0208231915068232	-0,810334975668839
19,8477290000001	0,025	0	-0,0602317977504627	-0,800114693636909
19,8977090000001	0,021	0	-0,100003612572722	-0,498026787775258
19,947715	0,015	0	-0,110012018279934	6,79582981970684E-05
19,997693	0,01	0	-0,100008026566347	0,100160020787777
20,0477069999999	0,005	0	-0,100004020642547	0,200040052176143
20,0976889999999	0	0	-0,0800176148520839	0,600056005716583
20,1476990000001	-0,003	0	-0,0399920070783493	0,800167989024557
20,197672	-0,004	0	-1,44051873222275E-05	0,700204036243485
20,2476810000001	-0,003	0	0,0300086061261002	0,600112038332988
20,2976619999999	-0,001	0	0,059990810968764	0,492254006537035
20,347675	0,003	0	0,0792241634961717	0,390338833972865
20,3986600000001	0,007	0	0,0994255818781431	0,20837209963319
20,4486629999999	0,013	0	0,100632630843499	-0,192267071260013
20,4976409999999	0,017	0	0,0808338814612865	-0,410428169872247
20,5476530000001	0,021	0	0,0599914090823313	-0,608396324669779
20,597636	0,023	0	0,0200084032733091	-0,700106090926562
20,6476270000001	0,023	0	-0,00999939990804625	-0,600208074708056
20,6976259999999	0,022	0	-0,040006401220055	-0,500061012891038
20,7476180000001	0,019	0	-0,0600024018241232	-0,299978997691308
20,797622	0,016	0	-0,0700007006649462	-0,200102038516294
20,8476190000001	0,012	0	-0,0800128036491365	-0,10851817372368
20,897606	0,008	0	-0,0808526162811075	0,0938308572729618
20,9465849999999	0,004	0	-0,0709475233301477	0,408442809011794
20,9965810000001	0,001	0	-0,0400032007398233	0,606564765594865
21,0465879999999	0	0	-0,0102894992727107	0,500149320680027
21,099592	0	0	0,0109371047789552	0,406681313041944
21,147579	0,001	0	0,0307222951195298	0,496464019419098
21,1965809999999	0,003	0	0,0592613069983802	0,488968885864281
21,247566	0,007	0	0,0792347612944673	0,100747166630124
21,297566	0,011	0	0,0700030006121447	-0,192216003684333
21,3475599999999	0,014	0	0,0600144051860926	-0,1999159589461
21,3975419999999	0,017	0	0,0500162055820076	-0,400166064006232
21,4475299999999	0,019	0	0,0200074020625487	-0,500243105975784
21,497531	0,019	0	0	-0,297080431423418
21,546529	0,019	0	-0,00960792760329079	-0,392117936790644
21,597528	0,018	0	-0,0400111475880712	-0,399267749462445
21,6475190000001	0,015	0	-0,050322976213815	-0,0950873395564583
21,696502	0,013	0	-0,0496442137836433	-0,0867995597552822
21,7475039999999	0,01	0	-0,0594164584349859	0,000198103816739847
21,7975040000001	0,007	0	-0,0500048028169805	0,295123515739011
21,8474880000001	0,005	0	-0,0299122487829537	0,301080836431445
21,898496	0,004	0	-0,0198068045659253	0,302248802754804
21,948484	0,003	0	0,000403362113032594	0,506277581488394
21,997484	0,004	0	0,03010908505884	0,305133547530199
22,047476	0,006	0	0,0300057014614829	0,0989760890188553
22,0974590000001	0,007	0	0,0400024009286005	0,199977001102179
22,1474559999999	0,01	0	0,049999401331883	7,20411265348992E-05
22,197465	0,012	0	0,0400048077785957	-0,20086098390383
22,2474440000001	0,014	0	0,0299157735603989	-0,29904083324259
22,2984409999999	0,015	0	0,00960899660770186	-0,295127750852006
22,347444	0,015	0	0	-0,0990156666037977
22,3974270000001	0,015	0	0	-0,0999720028896459
22,4474190000001	0,015	0	-0,00999650064693539	-0,202062319447243
22,4974279999999	0,014	0	-0,0202065054297709	-0,19825366155756
22,5464179999999	0,013	0	-0,0296353361192131	-0,0960910060973924
22,5973960000001	0,011	0	-0,0294215758560818	0,0963031613177256
22,648404	0,01	0	-0,0198082336844488	0,0892423808545115
22,6983849999999	0,009	0	-0,0202073207318364	-0,00604807835568209
22,7473970000001	0,008	0	-0,0204106680400423	0,198089586083541
22,7963729999999	0,007	0	-0,000811474196225453	0,404182612120465
22,8473759999999	0,008	0	0,0200156695614675	0,100081829386427
22,896375	0,009	0	0,0104081797509087	-0,102920650859345
22,9473720000001	0,009	0	0,0101038512334049	-0,00394146749341813
22,997355	0,01	0	0,0100061022638108	0,00204749233043065
23,0473649999999	0,01	0	0,0103088023617659	0,00296705964990773
23,0963630000001	0,011	0	0,0103060472346566	-0,20117316441422
23,146346	0,011	0	-0,0100037013674929	-0,204188059615696
23,196328	0,01	0	-0,0101060164308428	0,0969994897050392
23,2473440000001	0,01	0	0	0,0980255609640433
23,2973179999999	0,01	0	0	0
23,347325	0,01	0	0	0,100026003880257
23,397326	0,01	0	0,0100022003560335	0,0999939917164106
23,4473190000001	0,011	0	0,0100003998158792	-0,10006602340702
23,497302	0,011	0	0	-0,100046016205218
23,5472930000001	0,011	0	0	-0,0980646732221426
23,598293	0,011	0	-0,0101035410390021	-0,0960372123639865
23,6482780000001	0,01	0	-0,00990346101149786	0,104042815144973
23,6972780000001	0,01	0	0	0,102074468553065
23,7472760000001	0,01	0	0	0
23,7972600000001	0,01	0	0	0
23,847264	0,01	0	0	0
23,8972650000001	0,01	0	0	0
23,9472499999999	0,01	0	0	0
23,996236	0,01	0	0	0
24,0462500000001	0,01	0	0	0
24,0972260000001	0,01	0	0	0
24,1472229999999	0,01	0	0	0,102056031546194
24,196224	0,01	0	0,00990207234203251	0,104035752566429
24,246214	0,011	0	0,0101027166036085	-0,0960083766281993
24,297221	0,011	0	0	-0,0980304763749992
24,3472059999999	0,011	0	0	0
24,397207	0,011	0	0	0
24,4471920000001	0,011	0	0	0
24,4971989999999	0,011	0	0	0
24,5471970000001	0,011	0	0	-0,09811343600438
24,59818	0,011	0	-0,0101027802683518	-0,0960908784940402
24,648162	0,01	0	-0,00990415147149307	0,104038891653127
24,6971599999999	0,01	0	0	0,101078238729904
24,746169	0,01	0	0	0
24,7971520000001	0,01	0	0	0
24,8471400000001	0,01	0	0	0
24,8971349999999	0,01	0	0	0
24,9471370000001	0,01	0	0	
24,996134	0,01	0		
